10467366
85101
48592909
68394000
672020
11820117
17967505
37620000
10900555
84607016
40023
33916
58972265
38367
67596281
5281600
54547
383726
5961249
8960817
9159993
5424687
9584000
2512758
360938
19051562
6641197
3277082
3855641
2123103
1762220
616695
2761785
10413982
918100
382836
335893238
40769890
64055
22923000
5490000
104625450
4670713
43324000
10151517
2993800
3694600
56520
41720127
9200617
146150789
5550203
10549287
5574011
32175224
9282410
1577059
5113071
31888698
1832696
6445481
85372377
84055000
34262840
7057841
10077600
7100000
36963262
1872500
2886515
1366491
20075271
1409670000
683700
7498100
3457548
25660000
124000000
23420442
112892781
445400
33379500
5917600
279118866
1354662
16733
100300000
66090475
7443000
17091464
169828911
1400744000
29164578
770276
241499431
22037000
56865
129625968
17602431
6884888
397483
9745149
6733763
5262225
4064780
52695952
11089511
46131
397360
71105
2825544
11743017
10760028
3205691
105413
31305
15701
47195
100772
4433

67408
371246
178696
110872
112579
267800
1367510
106739
148925
28302000
220308075
743699
616500
294071
16938986
33725844
12006031
6109644
46654581
3444263
19960889
47
26821557
11781559
734887
301295
268510
893468
11369
10679
11680
42418
105754
153836
47329
205557
49710
1647
100179
1689
15040
279890
120740
5305600
515132
18143379
107334000
1001454
3748902
41984500
14746494
51526000
45562000
12837740
13246394
61741120
758316
270372
100447
1261041
859959
26923353
32419747
1236126
2306000
21507723
15178979
62027503
3022401
2410338
19610769
34094077
30
5651

95370000
6142180
2233272
227380
1558160
5633412
28088845
223800000
17414717
25369415
6931061
11850232
45400000
37022000
519562
12606998
8095498
30832019
29389150
5248621
8494260
13261638
1781308
18275743
2417471
22395489
4475683
22752315
491233
55770232
9880000
5483450
11516000
51293934
2656032
244236

3521786